# BestFS
[[0, 9, 4, 12, 7, 0], 
[1, 1, 4, 12, 7, 8], 
[5, 1, 4, 12, 7, 0], 
[3, 1, 4, 4, 7, 8],
[5, 1, 4, 4, 7, 0], 
[2, 1, 0, 4, 7, 4], 
[3, 1, 0, 0, 7, 8],
[5, 1, 0, 0, 7, 0], 
[1, 0, 0, 0, 7, 1],
[4, 0, 0, 0, 0, 8], 
[5, 0, 0, 0, 0, 0]]

# DFS
[[0, 9, 4, 12, 7, 0], 
 [1, 1, 4, 12, 7, 8], 
 [5, 1, 4, 12, 7, 0], 
 [1, 0, 4, 12, 7, 1], 
 [2, 0, 0, 12, 7, 5], 
 [3, 0, 0, 9, 7, 8], 
 [5, 0, 0, 9, 7, 0], 
 [3, 0, 0, 1, 7, 8], 
 [5, 0, 0, 1, 7, 0], 
 [3, 0, 0, 0, 7, 1], 
 [4, 0, 0, 0, 0, 8],
 [5, 0, 0, 0, 0, 0]]

# BFS
[[0, 9, 4, 12, 7, 0], 
 [4, 9, 4, 12, 0, 7], 
 [1, 8, 4, 12, 0, 8], 
 [5, 8, 4, 12, 0, 0], 
 [3, 8, 4, 4, 0, 8], 
 [5, 8, 4, 4, 0, 0], 
 [3, 8, 4, 0, 0, 4], 
 [2, 8, 0, 0, 0, 8], 
 [5, 8, 0, 0, 0, 0], 
 [1, 0, 0, 0, 0, 8], 
 [5, 0, 0, 0, 0, 0]] 